[1, 0, 2, 2, 2, 2, 1, 0, 2, 0, 2, 0, 1],
    [0, 0, 1, 2, 1, 0, 1, 0, 1, 2, 0, 1, 0],
    [2, 0, 2, 1, 1, 2, 1, 1, 0, 2, 1, 2, 1],
    [1, 2, 1, 1, 0, 1, 0, 0, 1, 1, 2, 2, 0],
    [1, 2, 2, 2, 2, 2, 0, 2, 1, 0, 1, 1, 1],
    [1, 0, 0, 2, 0, 1, 2, 0, 0, 0, 2, 0, 0],
    [1, 0, 0, 0, 1, 0, 1, 1, 0, 1, 2, 1, 0],
    [2, 1, 1, 1, 1, 2, 0, 0, 0, 0, 2, 0, 2],
    [0, 1, 0, 2, 0, 0, 1, 1, 1, 1, 1, 1, 0],
    [1, 1, 2, 1, 0, 1, 0, 0, 0, 1, 0, 2, 1],
    [0, 1, 1, 1, 2, 1, 0, 2, 1, 0, 0, 0, 1],
    [1, 2, 0, 2, 2, 0, 1, 0, 2, 1, 2, 2, 2],
    [1, 0, 1, 0, 1, 2, 2, 2, 2, 2, 1, 0, 1],
    [1, 1, 0, 1, 1, 2, 2, 1, 2, 0, 1, 0, 2],
    [0, 1, 2, 0, 2, 1, 2, 1, 2, 1, 1, 2, 1],
    [0, 2, 0, 2, 1, 0, 2, 2, 1, 1, 2, 2, 2],
    [2, 1, 2, 2, 1, 0, 2, 1, 1, 2, 2, 1, 0],
    [1, 1, 1, 2, 1, 2, 0, 1, 0, 0, 1, 1, 1],
    [0, 1, 0, 2, 0, 0, 1, 1, 1, 0, 0, 0, 1],
    [1, 0, 1, 0, 2, 1, 1, 1, 1, 2, 0, 0, 1],
    [1, 0, 2, 2, 0, 1, 0, 1, 1, 1, 2, 1, 2],
    [0, 2, 0, 2, 0, 2, 1, 1, 2, 2, 1, 1, 0],
    [2, 1, 0, 1, 1, 2, 2, 2, 0, 2, 1, 1, 2],
    [2, 1, 1, 0, 0, 1, 0, 2, 1, 0, 2, 2, 0],
    [1, 1, 0, 2, 2, 0, 0, 2, 2, 1, 0, 1, 1],
    [0, 2, 1, 0, 1, 2, 1, 1, 2, 1, 1, 2, 2],
    [2, 0, 0, 0, 1, 1, 0, 0, 2, 1, 2, 0, 0],
    [1, 2, 0, 0, 0, 2, 2, 2, 0, 0, 1, 0, 1]

[1, 0, 1, 1, 1, 1, 1, 0, 1, 0, 1, 0, 1],
        [0, 0, 1, 1, 1, 0, 1, 0, 1, 1, 0, 1, 0],
        [1, 0, 1, 1, 1, 1, 1, 1, 0, 1, 1, 1, 1],
        [1, 1, 1, 1, 0, 1, 0, 0, 1, 1, 1, 1, 0],
        [1, 1, 1, 1, 1, 1, 0, 1, 1, 0, 1, 1, 1],
        [1, 0, 0, 1, 0, 1, 1, 0, 0, 0, 1, 0, 0],
        [1, 0, 0, 0, 1, 0, 1, 1, 0, 1, 1, 1, 0],
        [1, 1, 1, 1, 1, 1, 0, 0, 0, 0, 1, 0, 1],
        [0, 1, 0, 1, 0, 0, 1, 1, 1, 1, 1, 1, 0],
        [1, 1, 1, 1, 0, 1, 0, 0, 0, 1, 0, 1, 1],
        [0, 1, 1, 1, 1, 1, 0, 1, 1, 0, 0, 0, 1],
        [1, 1, 0, 1, 1, 0, 1, 0, 1, 1, 1, 1, 1],
        [1, 0, 1, 0, 1, 1, 1, 1, 1, 1, 1, 0, 1],
        [1, 1, 0, 1, 1, 1, 1, 1, 1, 0, 1, 0, 1],
        [0, 1, 1, 0, 1, 1, 1, 1, 1, 1, 1, 1, 1],
        [0, 1, 0, 1, 1, 0, 1, 1, 1, 1, 1, 1, 1],
        [1, 1, 1, 1, 1, 0, 1, 1, 1, 1, 1, 1, 0],
        [1, 1, 1, 1, 1, 1, 0, 1, 0, 0, 1, 1, 1],
        [0, 1, 0, 1, 0, 0, 1, 1, 1, 0, 0, 0, 1],
        [1, 0, 1, 0, 1, 1, 1, 1, 1, 1, 0, 0, 1],
        [1, 0, 1, 1, 0, 1, 0, 1, 1, 1, 1, 1, 1],
        [0, 1, 0, 1, 0, 1, 1, 1, 1, 1, 1, 1, 0],
        [1, 1, 0, 1, 1, 1, 1, 1, 0, 1, 1, 1, 1],
        [1, 1, 1, 0, 0, 1, 0, 1, 1, 0, 1, 1, 0],
        [1, 1, 0, 1, 1, 0, 0, 1, 1, 1, 0, 1, 1],
        [0, 1, 1, 0, 1, 1, 1, 1, 1, 1, 1, 1, 1],
        [1, 0, 0, 0, 1, 1, 0, 0, 1, 1, 1, 0, 0],
        [1, 1, 0, 0, 0, 1, 1, 1, 0, 0, 1, 0, 1]



[1, 1, 1, 1, 2, 2, 2, 2, 0, 0, 1, 1, 1, 2, 1, 2, 0, 1, 0, 0, 1, 0, 0, 0, 0, 1, 0, 1, 0, 0]
[0, 0, 0, 0, 2, 2, 1, 1, 1, 1, 0, 1, 0, 1, 0, 0, 1, 1, 0, 0, 0, 0, 2, 1, 2, 1, 1, 1, 0, 0]
[0, 2, 0, 1, 1, 0, 0, 2, 0, 0, 0, 1, 0, 1, 2, 1, 1, 1, 0, 0, 1, 0, 1, 2, 1, 0, 2, 2, 0, 2]
[0, 1, 2, 2, 1, 1, 1, 0, 0, 2, 1, 2, 2, 0, 2, 1, 2, 1, 1, 1, 1, 1, 0, 1, 0, 2, 1, 1, 0, 0]
[1, 0, 1, 0, 2, 2, 1, 1, 0, 2, 2, 0, 2, 1, 1, 0, 1, 0, 0, 0, 1, 0, 0, 1, 0, 1, 1, 0, 1, 0]
[2, 1, 2, 1, 2, 1, 0, 2, 1, 0, 2, 0, 1, 1, 1, 1, 1, 0, 1, 1, 1, 0, 0, 1, 0, 2, 0, 1, 0, 0]
[0, 0, 1, 1, 0, 0, 1, 1, 1, 0, 1, 2, 1, 1, 0, 0, 1, 2, 0, 2, 1, 1, 2, 0, 1, 0, 1, 1, 2, 0]
[1, 0, 1, 0, 0, 1, 0, 1, 1, 0, 0, 0, 1, 1, 1, 0, 1, 0, 0, 1, 0, 0, 2, 2, 0, 1, 1, 1, 1, 1]
[0, 1, 1, 2, 1, 0, 0, 1, 1, 0, 2, 0, 0, 0, 0, 2, 1, 0, 2, 0, 1, 1, 0, 0, 1, 0, 0, 0, 0, 1]
[1, 0, 0, 1, 0, 1, 0, 0, 2, 1, 1, 1, 1, 1, 1, 1, 1, 0, 2, 0, 1, 1, 1, 0, 1, 1, 0, 1, 1, 0]
[1, 0, 2, 0, 1, 0, 0, 0, 1, 1, 2, 2, 1, 0, 1, 1, 0, 2, 2, 2, 1, 1, 1, 1, 0, 2, 1, 1, 2, 2]
[1, 1, 1, 2, 1, 1, 1, 2, 0, 0, 1, 0, 0, 2, 1, 1, 0, 0, 1, 1, 0, 1, 2, 0, 0, 2, 0, 1, 1, 0]
[0, 0, 0, 2, 1, 1, 0, 2, 1, 0, 2, 0, 1, 0, 2, 0, 2, 2, 2, 2, 2, 1, 2, 0, 1, 2, 1, 0, 2, 1]
[2, 1, 0, 0, 2, 0, 1, 1, 2, 2, 1, 1, 0, 0, 2, 1, 1, 1, 2, 1, 1, 0, 2, 0, 1, 1, 1, 0, 1, 0]
[2, 2, 0, 0, 0, 2, 1, 0, 0, 1, 0, 1, 1, 0, 1, 2, 0, 0, 1, 0, 0, 1, 1, 1, 1, 1, 1, 1, 1, 1]
[0, 0, 2, 0, 0, 0, 0, 0, 1, 1, 0, 1, 0, 0, 0, 1, 0, 1, 2, 1, 1, 1, 0, 1, 0, 1, 2, 2, 0, 1]
[0, 0, 0, 0, 1, 0, 1, 1, 2, 0, 1, 1, 2, 2, 0, 0, 0, 0, 1, 2, 2, 2, 0, 1, 2, 1, 1, 1, 2, 0]
[1, 1, 1, 0, 2, 0, 1, 0, 2, 0, 1, 2, 1, 1, 1, 1, 0, 2, 1, 1, 1, 1, 0, 0, 1, 1, 1, 1, 0, 1]
[0, 0, 1, 2, 1, 2, 0, 2, 0, 2, 2, 1, 0, 2, 1, 1, 1, 1, 1, 0, 0, 1, 2, 1, 0, 0, 2, 0, 0, 1]
[0, 2, 0, 1, 0, 1, 1, 2, 1, 0, 1, 2, 2, 2, 1, 0, 2, 0, 0, 1, 0, 1, 1, 2, 0, 0, 1, 1, 1, 0]
[1, 2, 0, 0, 1, 2, 0, 0, 1, 1, 1, 2, 0, 1, 1, 0, 1, 1, 1, 2, 1, 1, 2, 0, 1, 2, 0, 1, 1, 1]
[1, 1, 1, 0, 1, 0, 0, 2, 0, 1, 2, 2, 0, 1, 1, 1, 0, 1, 2, 1, 1, 0, 1, 0, 2, 1, 1, 1, 1, 2]
[1, 0, 1, 0, 0, 0, 1, 2, 0, 0, 1, 1, 1, 0, 2, 2, 2, 1, 2, 0, 0, 0, 0, 0, 1, 1, 1, 0, 0, 1]
[1, 0, 0, 0, 0, 2, 1, 1, 0, 1, 1, 2, 1, 0, 1, 0, 1, 1, 0, 2, 2, 0, 0, 1, 0, 0, 1, 0, 1, 1]
[2, 2, 0, 2, 0, 0, 0, 1, 0, 0, 0, 0, 2, 1, 2, 0, 1, 1, 1, 1, 1, 0, 1, 1, 1, 1, 2, 0, 2, 0]
13 4

0 x
1 y
2 heuristika
3 ind
4 parent (x,y)
5 cost