20 20 20 0.00993749499321 0.168250054121 0.0 0.00685375094414 25.0 25.0 126.37875 357.145 32.7884244008 32.7237035317 189.095885214 647.956695612
40 40 40 0.0922352846931 3.58000002188 0.0 0.0331641162143 51.7647058824 51.4705882353 417.898235294 1628.01529412 64.8723579935 65.1139228005 631.248465122 3091.98304889
60 60 60 0.492649960518 23.0432000279 0.0 0.0754089992046 74.8 74.05 754.1425 3879.2675 91.0630555059 91.1305176261 1129.91312258 7371.44745083
80 80 80 1.19564999342 100.100849986 0.0 0.181228999972 99.8 100.4 927.321 7382.75 119.59882028 120.899125113 1372.46883719 13853.0904815
100 100 100 2.70955557293 293.499333302 0.0 0.238657775588 121.944444444 121.944444444 1828.67388889 12205.2722222 148.51065006 148.556673789 2660.29098193 22569.2195344
20 20 15 0.00850000977516 0.311499983072 0.0 0.00833000391722 20.6875 23.25 106.79375 373.369375 27.0627885849 30.8649463211 163.062121838 702.789204137
40 40 30 0.0601579139108 3.80310525392 0.0 0.0348278910235 41.0526315789 43.8421052632 374.068421053 1808.52947368 55.2822130768 57.7235170931 567.483567712 3426.0122685
60 60 45 0.268263139223 25.5694736807 0.0 0.0697700017377 67.4210526316 68.5263157895 709.825263158 3663.72052632 81.1589446699 83.9362895447 1055.85967723 6836.75205596
80 80 60 0.933100020886 166.440600014 0.0 0.169957999229 90.3 90.1 1020.786 6748.8625 109.455569927 109.43841264 1530.41966987 12893.0574785
100 100 75 1.87309999466 220.931200016 0.0 0.258307498932 96.05 95.9 1171.91 11812.8615 121.953719267 122.007272658 1758.98307205 22277.5756832
20 20 10 0.00539997418722 0.196599992116 0.0 0.00605466540655 18.6666666667 18.9333333333 99.9506666667 311.359333333 25.3188527967 25.9373977696 146.996899413 562.859669053
40 40 20 0.0475555525886 2.50255555577 0.0 0.032758887079 34.7777777778 34.7777777778 377.419444444 1711.16055556 44.2153178369 44.8438571979 558.882797173 3218.50706029
60 60 30 0.19942104189 20.0453157927 0.0 0.101544738067 53.8421052632 53.9473684211 657.103684211 4134.83947368 63.9998993383 64.4156622297 976.996839963 7805.54539936
80 80 40 1.10522223843 480.94244443 0.0 0.173035552899 85.3888888889 180.222222222 1200.97333333 7532.56555556 106.443356123 111.438788617 1779.3438883 14222.5349875
100 100 50 2.12373683327 373.097999987 0.0 0.269533684379 93.1052631579 100.0 1493.24157895 11114.2152632 117.596994313 127.22424615 2254.26272324 21028.7696825
20 20 5 0.00720001856486 0.643933343888 0.0 0.00799333604177 15.0666666667 28.8666666667 83.9406666667 310.446 22.0117460155 29.251611332 125.252128384 562.656754575
40 40 10 0.0294444561005 3.92144441605 0.0 0.029340551032 32.2777777778 45.0555555556 347.442222222 1625.89666667 42.4593955192 52.11264026 521.648122257 3074.86332395
60 60 15 0.172473706697 2072.30615789 0.0 0.0911689468434 43.7368421053 106.684210526 560.562631579 3999.73473684 57.3125901539 70.2198317356 844.252422125 7553.91422258
80 80 20 0.399599981308 82.871850002 0.0 0.155745500684 55.6 75.25 798.225 7330.9835 71.4415565955 79.3084613514 1186.39433856 13838.3947114
100 100 25 1.18377775616 138.366444442 0.0 0.210434445275 74.5 83.5 1141.46222222 11255.7561111 95.8738415307 105.59442835 1745.46237478 21489.1432293
